function [me1, mp1, me2, mp2, me3, mp3, me4, mp4, me5, mp5, me6, mp6, me7, mp7, me8, mp8, me9, mp9] = Masses
me1 = 484.24/1000;
mp1 = 1.594;
me2 = 1034.69/1000;
mp2 = 5.296;
me3 = 1001.33/1000;
mp3 = 11.708;
me4 = 1837.98/1000;
mp4 = 0;
me5 = 7427.93/1000;
mp5 = 74.304;
me6 = me4;
mp6 = mp4;
me7 = me3;
mp7 = mp3;
me8 = me2;
mp8 = mp2;
me9 = me1;
mp9 = mp1;
end

